==========  ========  =========  =======  =========  ==========  ===========
      Date      Open       High      Low      Close      Volume  Ex-Dividend
==========  ========  =========  =======  =========  ==========  ===========
2004-08-19   100.010   104.0600   95.9600   100.335  44659000.0          0.0
2004-08-20   101.010   109.0800  100.5000   108.310  22834300.0          0.0
2004-08-23   110.760   113.4800  109.0500   109.400  18256100.0          0.0
2004-08-24   111.240   111.6000  103.5700   104.870  15247300.0          0.0
2004-08-25   104.760   108.0000  103.8800   106.000   9188600.0          0.0
2004-08-26   104.950   107.9500  104.6600   107.910   7094800.0          0.0
2004-08-27   108.100   108.6200  105.6900   106.150   6211700.0          0.0
2004-08-30   105.280   105.4900  102.0100   102.010   5196700.0          0.0
2004-08-31   102.320   103.7100  102.1600   102.370   4917800.0          0.0
2004-09-01   102.700   102.9700   99.6700   100.250   9138200.0          0.0
2004-09-02    99.090   102.3700   98.9400   101.510  15118600.0          0.0
2004-09-03   100.950   101.7400   99.3200   100.010   5152400.0          0.0
2004-09-07   101.010   102.0000   99.6100   101.580   5847500.0          0.0
2004-09-08   100.740   103.0300  100.5000   102.300   4985600.0          0.0
2004-09-09   102.500   102.7100  101.0000   102.310   4061700.0          0.0
2004-09-10   101.470   106.5600  101.3000   105.330   8698800.0          0.0
2004-09-13   106.630   108.4100  106.4600   107.500   7844100.0          0.0
2004-09-14   107.440   112.0000  106.7900   111.490  10828900.0          0.0
2004-09-15   110.560   114.2300  110.2000   112.000  10713000.0          0.0
2004-09-16   112.340   115.8000  111.6500   113.970   9266300.0          0.0
2004-09-17   114.420   117.4900  113.5500   117.490   9472500.0          0.0
2004-09-20   116.950   121.6000  116.7700   119.360  10628700.0          0.0
2004-09-21   120.200   120.4200  117.5100   117.840   7228700.0          0.0
2004-09-22   117.450   119.6700  116.8100   118.380   7581200.0          0.0
2004-09-23   118.840   122.6300  117.0200   120.820   8535600.0          0.0
2004-09-24   120.970   124.1000  119.7600   119.830   9123400.0          0.0
2004-09-27   119.560   120.8800  117.8000   118.260   7066100.0          0.0
2004-09-28   121.150   127.4000  120.2100   126.860  16929000.0          0.0
2004-09-29   126.530   135.0200  126.2300   131.080  30516400.0          0.0
2004-09-30   129.899   132.3000  129.0000   129.600  13758000.0          0.0
...              ...        ...       ...       ...         ...          ...
2017-05-16   963.550   965.8955  960.3500   964.610   1069898.0          0.0
2017-05-17   959.700   960.9900  940.0600   942.170   2414323.0          0.0
2017-05-18   943.200   954.1800  941.2700   950.500   1758452.0          0.0
2017-05-19   952.820   959.5600  952.0000   954.650   1327354.0          0.0
2017-05-22   957.000   964.8200  956.5600   964.070   1305246.0          0.0
2017-05-23   969.960   974.5100  964.5000   970.550   1529617.0          0.0
2017-05-24   975.260   978.1150  971.6299   977.610   1128880.0          0.0
2017-05-25   979.000   995.7800  977.8200   991.860   1951402.0          0.0
2017-05-26   992.000   996.3900  987.3600   993.270   1622807.0          0.0
2017-05-30   992.500   997.6200  991.3601   996.170   1511472.0          0.0
2017-05-31   996.210   999.6000  981.6800   987.090   1703990.0          0.0
2017-06-01   990.960   993.1400  981.2900   988.290   1295552.0          0.0
2017-06-02   988.590   996.4800  987.0700   996.120   1719720.0          0.0
2017-06-05   997.890  1007.4000  995.4500  1003.880   1353264.0          0.0
2017-06-06  1003.310  1008.6100  994.8000   996.680   1517356.0          0.0
2017-06-07   998.820  1003.9100  995.8100  1001.590   1348198.0          0.0
2017-06-08  1004.230  1005.6000  996.6200  1004.280   1657881.0          0.0
2017-06-09  1005.490  1005.5000  953.3700   970.120   3613964.0          0.0
2017-06-12   958.720   968.0000  936.7950   961.810   4167184.0          0.0
2017-06-13   972.040   977.9100  962.0100   970.500   1992456.0          0.0
2017-06-14   975.500   979.7000  959.5103   967.930   1489046.0          0.0
2017-06-15   948.020   960.6775  940.3700   960.180   2349212.0          0.0
2017-06-16   957.910   959.9500  948.7000   958.620   2484914.0          0.0
2017-06-19   969.650   979.3000  968.2000   975.220   1449343.0          0.0
2017-06-20   975.310   980.7900  968.2000   968.990   1273013.0          0.0
2017-06-21   970.790   979.6700  969.1600   978.590   1141315.0          0.0
2017-06-22   976.870   980.5000  973.3148   976.620    940086.0          0.0
2017-06-23   975.500   986.6200  974.4600   986.090   1439728.0          0.0
2017-06-26   990.000   993.9900  970.3300   972.090   1505655.0          0.0
2017-06-27   961.600   967.2200  947.0900   948.090   2428048.0          0.0
==========  ========  =========  =======  =========  ==========  ===========


==========  ===========  ===========  ===========  ==========  ===========
Date        Split Ratio    Adj. Open    Adj. High    Adj. Low   Adj. Close
==========  ===========  ===========  ===========  ==========  ===========
2004-08-19          1.0    50.159839    52.191109   48.128568    50.322842
2004-08-20          1.0    50.661387    54.708881   50.405597    54.322689
2004-08-23          1.0    55.551482    56.915693   54.693835    54.869377
2004-08-24          1.0    55.792225    55.972783   51.945350    52.597363
2004-08-25          1.0    52.542193    54.167209   52.100830    53.164113
2004-08-26          1.0    52.637487    54.142132   52.492038    54.122070
2004-08-27          1.0    54.217364    54.478169   53.008633    53.239345
2004-08-30          1.0    52.802998    52.908323   51.162935    51.162935
2004-08-31          1.0    51.318415    52.015567   51.238167    51.343492
2004-09-01          1.0    51.509003    51.644421   49.989312    50.280210
2004-09-02          1.0    49.698414    51.343492   49.623182    50.912161
2004-09-03          1.0    50.631294    51.027517   49.813770    50.159839
2004-09-07          1.0    50.661387    51.157920   49.959219    50.947269
2004-09-08          1.0    50.525969    51.674514   50.405597    51.308384
2004-09-09          1.0    51.408694    51.514019   50.656371    51.313400
2004-09-10          1.0    50.892099    53.444980   50.806836    52.828075
2004-09-13          1.0    53.480088    54.372844   53.394825    53.916435
2004-09-14          1.0    53.886342    56.173402   53.560336    55.917612
2004-09-15          1.0    55.451172    57.291854   55.270615    56.173402
2004-09-16          1.0    56.343928    58.079285   55.997860    57.161452
2004-09-17          1.0    57.387149    58.926902   56.950802    58.926902
2004-09-20          1.0    58.656066    60.988265   58.565787    59.864797
2004-09-21          1.0    60.286097    60.396438   58.936933    59.102444
2004-09-22          1.0    58.906840    60.020277   58.585849    59.373280
2004-09-23          1.0    59.603992    61.504860   58.691174    60.597057
2004-09-24          1.0    60.672290    62.242136   60.065416    60.100525
2004-09-27          1.0    59.965107    60.627150   59.082382    59.313094
2004-09-28          1.0    60.762568    63.897245   60.291113    63.626409
2004-09-29          1.0    63.460898    67.719042   63.310433    65.742942
2004-09-30          1.0    65.150614    66.354831   64.699722    65.000651
...                 ...          ...          ...         ...          ...
2017-05-16          1.0   963.550000   965.895500  960.350000   964.610000
2017-05-17          1.0   959.700000   960.990000  940.060000   942.170000
2017-05-18          1.0   943.200000   954.180000  941.270000   950.500000
2017-05-19          1.0   952.820000   959.560000  952.000000   954.650000
2017-05-22          1.0   957.000000   964.820000  956.560000   964.070000
2017-05-23          1.0   969.960000   974.510000  964.500000   970.550000
2017-05-24          1.0   975.260000   978.115000  971.629900   977.610000
2017-05-25          1.0   979.000000   995.780000  977.820000   991.860000
2017-05-26          1.0   992.000000   996.390000  987.360000   993.270000
2017-05-30          1.0   992.500000   997.620000  991.360100   996.170000
2017-05-31          1.0   996.210000   999.600000  981.680000   987.090000
2017-06-01          1.0   990.960000   993.140000  981.290000   988.290000
2017-06-02          1.0   988.590000   996.480000  987.070000   996.120000
2017-06-05          1.0   997.890000  1007.400000  995.450000  1003.880000
2017-06-06          1.0  1003.310000  1008.610000  994.800000   996.680000
2017-06-07          1.0   998.820000  1003.910000  995.810000  1001.590000
2017-06-08          1.0  1004.230000  1005.600000  996.620000  1004.280000
2017-06-09          1.0  1005.490000  1005.500000  953.370000   970.120000
2017-06-12          1.0   958.720000   968.000000  936.795000   961.810000
2017-06-13          1.0   972.040000   977.910000  962.010000   970.500000
2017-06-14          1.0   975.500000   979.700000  959.510300   967.930000
2017-06-15          1.0   948.020000   960.677500  940.370000   960.180000
2017-06-16          1.0   957.910000   959.950000  948.700000   958.620000
2017-06-19          1.0   969.650000   979.300000  968.200000   975.220000
2017-06-20          1.0   975.310000   980.790000  968.200000   968.990000
2017-06-21          1.0   970.790000   979.670000  969.160000   978.590000
2017-06-22          1.0   976.870000   980.500000  973.314800   976.620000
2017-06-23          1.0   975.500000   986.620000  974.460000   986.090000
2017-06-26          1.0   990.000000   993.990000  970.330000   972.090000
2017-06-27          1.0   961.600000   967.220000  947.090000   948.090000
==========  ===========  ===========  ===========  ==========  ===========


==========  ===========
Date        Adj. Volume
==========  ===========
2004-08-19   44659000.0
2004-08-20   22834300.0
2004-08-23   18256100.0
2004-08-24   15247300.0
2004-08-25    9188600.0
2004-08-26    7094800.0
2004-08-27    6211700.0
2004-08-30    5196700.0
2004-08-31    4917800.0
2004-09-01    9138200.0
2004-09-02   15118600.0
2004-09-03    5152400.0
2004-09-07    5847500.0
2004-09-08    4985600.0
2004-09-09    4061700.0
2004-09-10    8698800.0
2004-09-13    7844100.0
2004-09-14   10828900.0
2004-09-15   10713000.0
2004-09-16    9266300.0
2004-09-17    9472500.0
2004-09-20   10628700.0
2004-09-21    7228700.0
2004-09-22    7581200.0
2004-09-23    8535600.0
2004-09-24    9123400.0
2004-09-27    7066100.0
2004-09-28   16929000.0
2004-09-29   30516400.0
2004-09-30   13758000.0
...                 ...
2017-05-16    1069898.0
2017-05-17    2414323.0
2017-05-18    1758452.0
2017-05-19    1327354.0
2017-05-22    1305246.0
2017-05-23    1529617.0
2017-05-24    1128880.0
2017-05-25    1951402.0
2017-05-26    1622807.0
2017-05-30    1511472.0
2017-05-31    1703990.0
2017-06-01    1295552.0
2017-06-02    1719720.0
2017-06-05    1353264.0
2017-06-06    1517356.0
2017-06-07    1348198.0
2017-06-08    1657881.0
2017-06-09    3613964.0
2017-06-12    4167184.0
2017-06-13    1992456.0
2017-06-14    1489046.0
2017-06-15    2349212.0
2017-06-16    2484914.0
2017-06-19    1449343.0
2017-06-20    1273013.0
2017-06-21    1141315.0
2017-06-22     940086.0
2017-06-23    1439728.0
2017-06-26    1505655.0
2017-06-27    2428048.0
==========  ===========
